4294967278,28
4294967278,27
4294967278,26
4294967278,25
4294967278,35
4294967278,34
4294967278,33
4294967278,32
4294967278,31
4294967278,30
4294967278,29
4294967279,432
4294967278,350
4294967278,349
4294967278,348
4294967294,180
4294967294,175
4294967294,106
4294967294,189
4294967294,384
4294967294,1020
4294967279,431
4294967294,1024
4294967294,974
4294967294,973
4294967294,190
4294967294,162
4294967294,161
4294967294,14
4294967279,25
4294967279,23
4294967279,22
4294967279,20
4294967279,19
4294967279,17
4294967279,15
4294967279,14
4294967279,13
4294967279,12
4294967279,11
4294967294,1009
4294967294,1008
4294967294,1006
4294967294,1005
4294967294,1000
4294967294,989
4294967294,963
4294967294,961
4294967294,960
4294967294,895
4294967294,894
4294967294,60
4294967294,41
4294967279,430
4294967294,968
4294967294,50
4294967278,254
4294967294,89
4294967278,253
4294967279,429
4294967294,429
4294967294,44
4294967294,53
4294967294,43
4294967294,417
4294967294,51
4294967278,347
4294967278,88
4294967278,174
4294967278,346
4294967279,0
4294967278,252
4294967278,251
4294967278,249
4294967278,247
29,4
4294967278,248
29,3
29,2
29,1
4294967278,345
4294967278,0
4294967278,246
4294967294,5
4294967278,244
4294967294,425
4294967294,82
4294967294,83
4294967294,1035
4294967294,91
4294967294,90
4294967294,87
4294967294,85
4294967294,84
4294967278,240
4294967278,238
4294967278,237
4294967278,235
4294967278,233
4294967278,232
4294967294,107
4294967294,0
4294967294,94
4294967294,93
4294967294,96
4294967294,95
4294967278,227
4294967294,9
4294967278,225
4294967294,8
0,7
4294967294,45
4294967294,982
4294967294,1019
4294967294,29
4294967294,980
4294967294,28
4294967294,987
4294967294,27
4294967294,86
4294967294,126
4294967294,12
4294967294,18
4294967294,1030
4294967294,1027
4294967294,986
4294967294,985
4294967294,984
4294967294,981
4294967294,979
4294967294,977
4294967294,972
4294967294,969
4294967294,30
4294967294,160
4294967294,164
4294967294,46
4294967294,387
4294967294,165
4294967294,167
4294967294,177
4294967294,92
4294967294,88
4294967294,170
4294967294,1031
4294967278,223
4294967278,221
4294967294,163
4294967278,219
4294967278,217
4294967278,215
4294967294,10
4294967294,1032
4294967294,1029
4294967294,1028
4294967294,1026
4294967294,1025
4294967294,978
4294967294,975
4294967294,970
4294967294,1
4294967294,967
4294967294,966
4294967294,893
4294967294,401
4294967294,185
4294967294,182
4294967294,173
4294967294,451
4294967294,422
4294967294,20
4294967294,13
4294967294,168
4294967294,426
4294967294,15
4294967294,471
4294967294,17
4294967294,42
4294967294,99
4294967294,76
4294967294,39
4294967294,52
4294967294,470
4294967294,81
4294967294,1021
4294967294,68
4294967294,127
4294967294,67
4294967294,11
4294967294,104
4294967294,166
4294967294,24
4294967294,25
4294967294,183
4294967294,26
4294967294,176
4294967278,132
4294967278,131
4294967278,130
4294967278,129
4294967278,128
4294967278,127
4294967278,126
4294967278,125
4294967278,124
4294967278,123
4294967278,122
4294967278,121
4294967278,120
4294967278,119
4294967278,118
4294967278,117
4294967278,116
4294967278,115
4294967278,114
4294967278,113
4294967278,112
4294967278,111
4294967278,110
4294967278,109
4294967278,108
4294967278,107
4294967278,106
4294967278,105
4294967278,104
4294967278,103
4294967278,102
4294967278,101
4294967278,98
4294967278,97
4294967278,96
4294967278,95
4294967278,94
4294967278,93
4294967278,92
4294967278,91
4294967278,90
4294967278,89
4294967278,87
4294967278,86
4294967278,85
4294967278,84
4294967278,83
4294967278,82
4294967278,81
4294967278,80
4294967278,79
4294967278,78
4294967278,77
4294967278,76
4294967278,75
4294967278,74
4294967278,73
4294967278,72
4294967278,71
4294967278,70
4294967278,69
4294967278,68
4294967278,67
4294967278,66
4294967278,65
4294967278,64
4294967278,63
4294967278,62
4294967278,61
4294967278,60
4294967278,59
4294967278,58
4294967278,57
4294967278,56
4294967278,55
4294967278,54
4294967278,53
4294967278,52
4294967278,51
4294967278,50
4294967278,49
4294967278,48
4294967278,47
4294967278,46
4294967278,45
4294967278,44
4294967278,43
4294967278,42
4294967278,41
4294967278,40
4294967278,39
4294967278,38
4294967278,37
4294967278,36
4294967279,24
4294967279,21
4294967279,18
4294967279,16
4294967279,10
4294967279,9
4294967279,8
4294967279,7
4294967279,6
4294967279,5
4294967279,4
4294967278,100
4294967279,428
0,5
4294967294,22
4294967294,7
4294967278,344
4294967278,260
4294967278,99
4294967294,6
4294967279,427
26,5
26,4
26,3
26,2
26,1
4294967279,426
4294967278,343
4294967279,425
4294967279,424
4294967278,342
4294967279,423
4294967294,473
4294967278,341
4294967279,422
25,5
25,4
25,3
25,2
25,1
4294967279,421
4294967279,420
4294967279,419
4294967278,340
4294967278,339
4294967278,338
4294967279,418
4294967279,417
4294967278,337
4294967279,416
4294967278,336
4294967279,415
4294967279,414
4294967278,335
4294967279,413
4294967278,334
4294967278,333
4294967279,412
4294967279,411
4294967279,410
4294967279,409
4294967278,332
4294967279,408
4294967278,331
4294967278,330
21,5
21,4
21,3
21,2
21,1
4294967278,329
